0.282571031647431
0.20747292848594728
0.10626211359387236
0.05508497026102549
0.03899772323117452
0.027234641586775507
0.019700517494515287
0.015420632930758982
0.012189487967336588
0.00987790154445385
0.00818927686802249
0.006878076398963644
0.0058684945340055535
0.005065078184055967
0.004406451915874586
0.003881209593996607
0.003439416960531805
0.0030651994617201255
0.0027553790609793957
0.002487152664488468
0.0022562174851901637
0.0020567208477062253
0.0018818174878085672
0.0017287272357746257
0.001593572269230383
0.0014730930226836882
0.0013666148033738728
0.0012709194205720842
0.0011845558093861255
0.0011073942810778921
0.0010371877975311303
